99383
40886
102777
46915
57793
48335
95386
70492
26649
51421
12362
100027
78690
30059
107763
23926
90540
93426
99172
65736
15211
105368
12567
66429
75782
31530
32862
75123
84067
13135
23929
89802
44022
33058
43069
108167
71393
28456
85011
88042
86229
87373
94421
54919
23784
108537
85198
104324
108315
74370
76413
13526
86091
78980
69956
51873
16862
109170
16996
107281
12305
30925
87084
46327
70336
36505
60846
31729
71313
35857
26124
63895
29582
10545
108814
43367
25434
100364
54043
23750
81087
36808
27276
57178
105788
103584
15403
12651
102754
22399
109932
105060
59676
103368
57739
20012
46226
108586
58094
107539
50795
90570
61434
70378
107467
76601
20097
22902
83317
80492
36652
70756
107301
70280
34286
19441
63865
39689
38444
56619
68440
54729
68031
18117
48097
15771
44481
100675
30709
108927
14567
87856
89497
82353
64586
86965
65306
74683
16219
38624
61528
42871
15732
58829
19503
40019
68270
73368
69708
96715
36340
28149
57796
10723
52618
12245
32846
103451
102921
53555
102379
107488
47764
98228
79841
102350
75193
51500
67034
97764
80124
34914
46987
85856
83743
56491
32227
58365
19859
91936
61432
62551
26437
109228
63275
85407
11474
86121
78858
104395
46029
71237
18235
83793
75818
104428
76143
41011
45928
49529
28776
32404
74443
65763
24613
64538
28606
46840
12904
54818
45128
80688
107369
77917
79917
76996
53324
97743
69470
22183
108490
105499
99772
16725
95644
65590
27505
78139
12954
79786
17669
48082
18542
98464
20197
49507
69355
38804
86348
88611
83622
37828
59299
97343
105746
45568
64340
65422
33311
23810
77605
31801
35661
83730
54878
21305
39320
88736
89444
58626
58522
13465
96708
83416
18282
23258
22924
77637
52062
15624
72600
42036
43452
21899
29379
55550
57468
100071
10973
97131
13881
94930
18933
55894
68660
80163
67199
97981
58899
62996
62959
23773
82813
49668
97190
91095
62926
26466
75084
21340
32090
37684
53376
65542
65936
89107
27445
29756
79179
28418
16887
99412
13348
42172
61659
72009
12336
35210
76342
77587
88206
29301
107713
77372
85321
11255
74819
54599
27721
39904
65939
49811
83940
25667
21705
56228
21127
39150
75984
106658
73920
99224
12422
77269
31396
64081
55630
50084
89292
21972
17672
83850
57625
15385
51222
49299
16640
16042
93898
50713
62298
66190
90524
52590
98209
18581
98819
109336
47732
81155
105994
28004
70379
24769
95273
91776
78850
57255
31860
58142
85579
55884
31993
33205
77621
89567
72504
100613
11961
72754
41326
64259
28944
38202
23202
33506
46784
12021
32842
100868
99528
45189
18872
59908
59958
20498
58036
28808
67753
96248
93303
43333
42133
31648
82890
109754
27567
61746
100368
29529
24500
48046
83788
59797
76249
96990
83303
13033
15363
22497
20253
104892
57686
29125
71152
23996
55975
19188
59157
13729
105436
42460
63414
53921
80460
36304
70028
98027
88050
76748
17556
18902
14794
107697
68699
81043
11039
42002
100428
16403
54500
10681
27647
18538
46159
105151
32535
92134
14339
81692
12215
26127
30504
65629
70049
100964
108285
46429
105343
86335
13177
12900
95238
17971
26949
70289
105367
27988
102292
95795
50743
63144
12829
68390
71682
65340
63541
10569
63826
84232
82261
66042
100360
19117
38023
76761
10081
36309
13190
105425
28996
16367
24677
14234
40690
41626
74524
36057
59614
83168
38205
100358
36312
57386
75100
14346
12726
44994
14916
66552
35578
103529
38946
42290
12647
66970
109051
29080
109631
28593
40857
28627
51312
71886
49214
98355
103512
30090
24412
69479
19610
68969
76189
62274
16355
57641
66620
35433
108987
87888
108338
34566
97770
37284
66856
100417
10606
82260
35849
10237
17205
83059
45217
58518
44945
100783
46873
38458
20873
77637
14289
30483
36607
80478
82757
59314
44471
55729
101100
43459
33618
99438
68025
21388
43074
41233
28157
43681
13493
70358
60270
20699
43417
11839
85569
78363
102622
38794
23173
29847
106431
27462
66682
49390
14292
55791
15057
65115
101521
106157
98574
41491
11947
72951
69231
45021
20537
103740
95054
24030
64098
45325
51081
97516
63516
43002
82231
56139
71796
95404
92338
84580
29218
49021
23970
49862
94812
45379
104977
102685
41536
109904
34176
43483
89207
109759
94857
99744
103499
79911
30127
73950
15236
87560
77818
85105
20563
50049
31244
98711
51805
29934
73291
87375
68955
103614
43589
53768
38993
54918
62805
86882
54822
86982
36717
34030
103093
21574
40126
96593
91486
60253
60543
13074
37814
44713
88179
48377
84762
25775
37088
42919
45710
16732
20294
21017
10346
70235
81137
55691
15153
33943
32573
76328
10925
59291
16710
104018
87217
46836
106963
85055
97090
73858
88130
24904
108571
82661
79633
99685
14789
23073
32604
66851
29805
59250
77868
46503
19485
49006
92195
24639
72949
31120
90967
90226
96763
97677
100596
73981
50865
97560
49036
37955
77770
43518
69211
76342
32532
55196
82379
37321
68270
104984
94172
104427
54234
62040
57283
80072
17398
55830
11063
80347
76950
92030
60573
63714
96059
67522
44047
36924
55082
99435
81232
39204
32954
40443
21898
55486
85640
94278
99159
60262
89262
99683
71041
49848
51723
18324
36272
59122
64154
37335
45821
47457
19365
12747
101171
21776
70269
35218
48701
31703
24653
19933
60907
63959
66728
72806
25797
58720
57084
31308
25334
52698
20991
86376
108898
62715
11052
35171
28189
81559
62506
64010
19016
88224
83109
26539
100000
43378
68109
55053
65081
99114
81338
15989
69426
38067
95147
85223
86787
42231
106532
102122
101281
33875
94850
100179
86590
12254
25350
21131
83813
77857
91494
109181
56081
64603
25720
62433
97982
100181
107487
69415
89296
78825
75404
48722
106892
60551
40297
100032
109134
53181
108506
100415
77057
109708
90595
69999
11962
22297
97483
85776
90154
78977
101309
52587
49932
33382
105021
54266
23563
18860
13682
19211
87685
79086
74285
100930
45990
104583
107314
61476
64116
105820
51892
47525
105528
48839
107525
107490
61136
11360
99618
57643
80337
90928
16582
36621
14310
27955
80888
44225
36815
84570
53437
30853
70008
17722
21783
22350
28657
19097
73827
99126
31269
32071
36651
43149
70910
50528
40639
38398
51888
46610
102393
38577
43890
108976
65199
64552
26931
36087
98777
70099
10657
58566
90952
87017
82641
102735
99368
101298
28184
63195
106776
65805
85266
33428
98954
62528
90308
29593
107278
32197
82555
99672
60774
16445
15000
32325
70997
48283
58412
76127
108382
75421
24693
89334
52439
97334
98421
58159
104985
32957
11354
101761
88762
102972
41541
77716
71852
21850
13662
85482
60399
86217
75154
11173
109015
96506
49851
86364
34790
98263
52491
33172
80037
83537
28859
38828
70871
17280
86987
65856
56590
88341
73970
35352
97665
105511
103069
59517
17361
23083
51351
84112
99300
16506
101638
14667
19364
41489
91032
44154
46104
49875
83679
16141
23412
102538
44969
100636
26170
21956
72844
72760
16649
36814
14465
104314
32326
23886
70183
56039
36969
11535
30152
42621
34393
21790
47289
60109
69631
44673
94264
105735
84548
84295
11877
14313
76833
63198
104949
109355
75155
67793
88468
98156
10960
92933
108823
33286
23171
85358
95677
50140
103245
32181
82761
43990
60323
20050
94100
19954
71075
78364
32042
45624
52659
33919
66289
35844
103469
61238
51551
84976
35383
30019
73133
36343
29304
71956
75981
42475
63666
78011
98967
56912
100192
71729
90902
66868
98131
75002
93174
59207
59718
15216
11183
102377
55487
67472
44573
48957
35062
86125
23933
76797
22496
103418
103141
58153
81726
85474
106980
35393
53485
95948
82305
60030
74029
79559
16898
62160
44562
16424
27719
94280
21641
28902
103010
83480
102726
37583
38789
44140
13708
52723
10938
42557
62493
20431
90710
34220
95905
87690
59613
39391
73638
48270
89421
37667
17829
12671
106180
68743
19095
23899
53024
47088
59154
62386
20569
68232
89969
65710
102373
10030
108433
19663
42587
77279
30094
39649
101499
32351
17339
67464
61742
97330
22086
57515
41349
29915
60186
53881
105011
85634
84133
64387
22722
33287
16773
49643
91519
96742
105354
100244
13124
20139
26259
62063
87418
46353
91712
95269
68705
15404
52733
36799
102734
64819
84315
50435
101087
50853
10669
12450
26487
84802
66837
55562
108089
73610
95205
105960
76704
106911
12557
79829
33403
28816
31892
10821
81522
13605
12443
56579
35361
71528
83378
44447
42700
74045
84882
33787
14899
85551
52589
31386
60353
109426
76948
74794
73036
78506
87107
56092
75417
89664
25921
98820
108480
64166
15994
96354
84123
18437
42933
109484
96317
16312
43931
29017
96709
35165
69156
101608
27069
11745
22995
77422
11171
106295
58569
90559
74801
35676
36652
56571
15340
68925
61743
30172
23091
84089
16527
13566
108878
65812
13050
95196
72124
63333
14213
75186
88499
73370
66794
105568
75115
96141
89342
92639
92437
54263
73198
73590
79939
16202
36513
101631
75128
88257
21804
104571
62346
44683
108138
61225
100495
27540
46421
78972
97226
50634
44158
75725
30356
100952
87645
95472
103446
83339
78111
85883
27603
57661
65825
97542
80216
92339
89174
45344
70596
17330
56267
39294
52013
70757
90519
58860
104650
43292
27832
91876
100279
61990
73953
20635
69295
51598
106107
62741
24937
90570
54976
42540
54584
10801
30083
24800
109492
25609
76496
86440
32939
22763
15735
91304
99873
12606
40164
94523
62251
74349
92751
52530
26339
56704
63165
101986
98302
75625
71079
29591
72547
32407
78484
17131
49561
14919
31931
49053
30528
98427
25494
69819
27543
47581
51123
33768
50187
97639
34643
102438
61988
17394
61320
94680
64098
14486
103018
68752
96463
64098
104695
59010
86505
73179
66142
26066
78098
104425
81472
14978
92853
96966
74797
26748
34547
32272
50516
91086
19912
75159
99877
71900
82553
51197
72932
53003
72035
65951
28107
58498
20049
39154
23861
12906
102334
80003
45325
86784
74428
16797
91763
73633
20115
56560
90381
61014
95185
30897
42100
105097
12408
48329
83349
101313
105879
62634
44316
67914
18585
78775
32765
44986
107930
46626
47892
16616
16629
99569
109752
97409
106366
91515
77395
32833
54428
57776
83847
39613
95026
32300
51062
13786
70629
40763
105100
66508
93397
39416
40775
101982
24544
63540
53320
38826
16518
107565
61794
39499
97134
61546
26908
109853
43062
94303
32686
103842
58432
106534
49807
59810
28834
90869
63596
105815
37984
58696
62324
21382
104465
109451
29716
35361
79343
73037
64187
85861
70602
15981
15360
74088
83879
48620
73941
33293
32924
96628
27135
97708
93162
66942
63870
11996
64163
17466
107811
108500
82515
76487
36234
93332
92290
55950
18693
61633
35339
72880
37494
12293
95213
42854
76382
85444
81475
40323
108738
20751
26951
25873
24811
26465
99168
78681
44813
69683
102499
58977
84535
75014
25464
10769
58346
24107
73072
83391
75740
98411
62623
19587
17057
47836
68793
83439
23281
56620
30114
38371
67371
63418
70596
98534
79883
59764
83567
14697
35800
76067
63674
10335
57433
95490
27457
22132
25949
90529
95523
91690
95292
48147
17629
102349
102335
76422
92140
31968
23043
12255
60339
96766
82025
20936
101653
68260
87052
75220
72957
29204
41287
42983
29540
88721
44826
46997
17205
77127
43878
102728
75169
29170
57227
82798
21520
49563
49221
103660
87883
78616
22267
38223
65382
94292
65511
57035
52553
42563
38608
31862
61768
69895
81198
97660
64968
32376
51009
72173
99503
84887
81254
64673
104057
28481
53823
31929
84396
93044
41942
62280
78012
54209
106855
49747
54854
62366
13134
13759
11281
41742
51973
79401
101638
23171
83413
72958
61899
24422
51484
67755
15661
39090
38780
26071
73923
82603
48000
48320
82000
79942
16952
50012
40504
13807
89759
85358
82525
92894
89117
100158
24636
31090
69560
32626
60614
42973
11937
28865
73748
53421
86620
79409
98863
15400
11832
62786
88004
49833
17458
76356
36127
24410
16368
66631
44569
96128
58341
33446
95374
37458
23605
10010
74901
83165
48989
41867
32490
50926
60732
96238
10699
53705
82000
99562
75457
83832
52348
53461
40017
59807
36169
82497
90569
42538
39128
25139
45018
87470
48585
30392
31280
78542
46754
12533
51707
85743
44400
90550
43021
11485
76788
43720
55190
65140
49634
20647
55325
91983
80461
101694
58142
106630
74191
55063
55520
103320
86554
90538
97142
41492
10930
18422
10034
47685
37308
68094
39780
71708
48644
72802
89545
31784
106522
51087
86925
46157
61735
48602
44492
48548
40296
108986
61530
20840
54049
107051
30512
46956
87589
17654
78448
104872
42428
78482
42557
86088
36576
72337
47797
75220
35139
43694
97005
48014
84782
90282
100523
52869
45236
35015
91417
91884
50353
59299
102724
10754
56350
23236
47710
50292
47242
16158
45164
96023
84641
77721
72111
27569
56410
26260
92790
97902
59955
96147
35916
51089
92781
26439
93958
28017
67806
75375
109901
24511
24674
18978
25265
87377
48566
62976
27669
102161
69134
62833
104536
60127
46906
82999
77697
93316
99260
76839
97570
65567
62986
23486
23008
45767
56277
106966
80136
30435
88693
80037
44946
19719
105367
60212
97096
43934
29540
31117
36095
88674
83950
30631
38802
37208
103630
22851
20525
109242
89690
24447
81161
42676
37934
94169
94795
100563
91135
64931
37351
86180
51320
72297
95900
46688
38861
82996
96974
58401
104114
23069
53428
94416
60052
98582
21625
53682
11433
48502
69277
91123
62949
56790
40151
107235
40960
24946
97799
38447
96229
41502
14628
37549
103799
100528
90589
49013
89876
77563
13766
83990
106984
57194
84759
57036
45776
96384
17071
47209
51238
92700
44684
20539
39490
74835
17775
70450
89781
21926
15250
92362
53428
19878
36264
63579
26758
16853
18944
106634
100769
22711
96977
14105
86257
71736
61142
22034
74472
84565
75595
15710
67265
26632
26249
13107
91467
50376
73558
87601
62302
95160
69963
22082
105038
96227
92014
21796
19433
100958
18430
26554
13669
105407
30659
89927
83495
81801
18313
47967
72718
100260
70029
46335
16892
102631
49443
14712
43007
29353
92313
11662
14513
68628
40096
109551
54856
22110
37699
80641
13069
62481
97195
33090
57889
17854
29369
47736
106008
37682
85704
68726
44295
45733
21414
51187
38364
60857
72251
87724
80210
54564
105738
84723
13193
35834
100626
74401
47945
28325
61394
67366
80806
48589
90456
45047
72795
109826
82784
68803
53860
74840
43882
88155
10573
71648
45695
55290
22505
107946
49366
109067
68863
45104
83790
88408
87290
90768
69161
25235
109093
20555
82601
96251
59144
79410
47651
38291
95588
20435
13447
39448
85275
63681
33956
102200
25329
69651
63842
37834
83949
19560
36901
59164
54664
27043
37572
31955
107811
96733
63542
23256
23640
52496
25859
89136
38258
63510
17428
23846
90297
20875
53294
81924
74556
77250
74125
89885
53253
44319
34071
43555
53880
77324
92719
14896
94367
36644
53203
108530
39729
106746
21786
53370
65594
37645
48858
93852
107508
56286
107698
87805
83513
67344
59730
64421
50947
40207
60658
94200
90878
84729
44107
34758
52053
43179
56007
52772
86175
99210
51302
15904
12308
79440
75626
67902
107086
14485
68106
20946
77123
65804
98751
50637
39501
64833
21410
80448
11392
72069
81000
92271
63150
15108
33381
21556
48287
79388
64328
24462
84951
21983
46718
87259
91423
12345
61514
104861
33182
35972
15807
16657
108129
20911
57294
37630
75744
85057
108078
77137
47126
79078
75760
16628
84186
99141
28184
38825
84882
98865
69639
59833
10848
106358
53444
108623
25055
21310
103485
64589
47283
25644
71246
45412
36555
34893
73042
102300
109950
71120
85789
63428
56550
51549
70056
30737
57042
88241
75914
31924
93458
35554
98109
10658
48264
41554
109281
63319
69216
19118
34260
106499
34763
95506
58263
61318
20399
21305
69970
36701
98777
62111
90129
45328
20012
50186
82417
67055
44779
64683
88979
44589
90237
77089
45247
44853
24995
60880
14524
84211
69999
38784
80711
11114
40643
45326
78784
51042
56632
55107
94096
61761
107218
74225
13441
17231
30763
102210
74286
81894
56894
69617
32835
53483
53058
68082
88337
68053
35315
109213
58617
95314
37998
45680
12780
68641
81006
81564
26035
27638
43023
10131
95752
40242
90709
15545
63825
27824
107756
44463
16071
71002
104080
38906
14485
63491
96989
109174
21544
38656
108388
70161
23970
52738
105841
43102
11379
76848
31018
43766
10838
64042
60250
12942
94284
40959
18488
64461
75135
32596
98924
81206
93598
109356
10113
14435
62847
13454
29962
90744
42110
44702
67257
72432
87440
79451
21886
105171
46299
42904
55289
63489
96946
105539
82784
97582
52850
91272
52043
17986
13868
57319
89192
13818
56676
105657
18253
25875
25463
38215
106619
73925
89269
63877
52709
66709
49680
64595
78232
102331
97500
23522
55820
84446
35413
44956
72029
78264
26228
30424
86250
46448
77744
81794
66618
40772
93804
74872
56647
109267
19439
69619
73193
98709
39848
32254
71770
79528
86850
56355
71859
74350
86229
34031
65148
11642
68988
27177
79906
101568
63954
72508
54369
31698
44303
10987
62470
28107
92211
25469
43726
18003
101440
23271
23064
31288
45526
101186
100816
22376
47541
79027
103078
40122
103059
58226
41765
78399
75404
28023
69967
29358
90532
30688
67408
41187
31676
36230
59294
30239
68051
109372
38242
59492
22644
51306
80780
74522
42493
87949
86898
96386
73328
79976
26509
66387
28202
74626
51138
109958
92649
27458
45668
73181
48146
19428
20720
86174
45658
70014
106414
20062
85739
34656
69554
14735
92315
40334
79257
41160
34635
72507
27546
97964
42483
44055
70703
77037
25033
11842
93348
107683
29300
45368
87216
67446
71149
97937
43621
23159
74303
56387
33221
50042
81043
92775
54777
79710
39462
40386
10870
64097
102893
28417
52061
51728
78824
29117
18766
93858
30959
18466
107893
50259
70186
85109
24057
31335
73046
74030
44495
53702
20417
67716
10096
107813
50492
54874
77523
96306
85260
78394
50403
94506
13163
108817
36234
98339
27934
61352
98549
48893
69818
96442
105504
30005
87904
35913
67692
67302
99944
102187
11004
10361
76256
11101
24526
16748
72327
92050
103054
63939
76796
59809
48445
96311
58626
74680
101002
92912
26032
89552
48157
102203
92346
43661
38560
70250
85927
96252
27553
75871
88440
28557
92584
71048
46010
107111
94148
108337
105513
103554
62277
88661
53363
17074
91324
18342
81754
82326
101254
14139
61878
55764
106342
44225
105777
34902
20827
81704
21154
38380
47575
15946
73290
30160
76994
109300
43623
61142
23990
55488
54696
92619
34149
14412
99693
31825
22754
71448
104151
30360
75587
72382
76124
71929
22959
71902
13183
33786
43606
24337
62167
97534
46636
41809
34046
13630
41109
67669
81125
71451
13157
42173
54070
53658
46585
43764
75483
59339
21564
85986
96052
103503
48368
62176
65432
61327
40430
84967
101466
74037
99304
53633
61571
52292
101794
85617
72275
49255
59638
43400
10707
79147
75573
54777
39157
12159
104893
20992
77850
16457
96978
63902
109960
35347
32431
81744
103026
62861
56711
94492
26898
62368
54477
94821
104660
46271
86790
83287
101879
52780
16687
102586
38279
98613
47363
67436
17124
58609
78428
84974
65066
81759
55229
65027
23458
77660
36771
16484
46873
99835
17329
80124
52203
78158
64945
63215
30782
58088
36503
22661
100868
59542
15247
45500
48155
68962
102936
71631
17571
87717
62958
72638
59476
108187
44017
72934
92199
87140
95770
29072
93327
19451
99196
51882
87610
70494
105098
108392
18582
47953
21053
25802
13847
42652
77654
68355
101614
70591
29986
25538
64660
82944
104528
30488
97483
38545
93422
96034
32037
95544
15107
15365
104996
20655
57247
82606
81149
68697
97350
106083
23002
108403
38238
26850
41055
105892
85205
49021
82835
105191
80911
37495
94488
75439
57983
98323
20336
57757
84358
58726
43302
89465
64091
54650
100120
27690
43608
87622
86388
30958
100057
99390
29361
28295
16240
76768
40540
107797
32141
13375
19341
103053
57223
103829
84844
21558
92152
11533
69316
66510
60259
18970
62327
14350
79972
68800
32040
13580
62774
24780
34538
52831
14171
53899
87479
36763
37019
18019
34561
75512
37746
60254
84917
84969
54083
59762
96528
52587
61295
72196
25450
11554
81166
94129
32256
51138
52929
54296
54718
22055
85429
95608
64887
89600
39507
58718
32715
82878
66737
73628
48390
10835
23882
23308
85805
84317
89422
88685
43257
57069
50881
58707
58623
38399
42836
80879
95889
102118
41527
40607
14173
16956
26215
85412
12908
72074
34130
51976
61304
107219
31956
16046
108055
45839
45706
100212
36508
25128
78897
69765
72197
36130
18472
37172
64529
67661
24403
50418
76131
72283
97377
96656
95591
29944
72069
14852
108370
12551
56828
76026
26123
78784
82072
40530
30975
17779
47094
57484
49259
15991
17249
27809
58473
42074
54981
13002
99735
85737
69772
65866
48020
73501
68874
33611
93445
30943
54815
108167
49847
101643
74193
82322
86780
62617
29204
24107
70396
66298
71591
26008
72289
95193
43817
20762
27267
105150
40116
33354
80887
16240
105572
35259
79741
64446
75223
79538
101742
20038
77705
41589
11682
58250
30263
104814
10867
49467
18921
87616
105765
96865
103624
84406
82058
37441
11520
99325
32591
57988
22679
19831
64228
18251
45090
33969
72697
10313
19859
80791
20352
103916
28732
38386
52166
48995
33200
69385
104814
58473
47001
100579
45338
56977
91337
17396
84418
92857
23073
23362
40845
52104
33193
11425
76707
84635
51746
39405
84949
61605
26548
11653
71873
45281
40039
14039
84276
79591
89777
79091
28064
43130
86022
79755
90108
67360
87151
64526
66569
16577
94240
97415
58681
17433
15192
25389
92069
56939
71146
83370
24896
87694
85023
86770
22975
31414
107161
13604
101005
86938
82695
35421
20069
75069
105176
100177
32429
98680
71055
88999
105257
55296
92766
53938
79081
97958
85679
77502
61249
46825
67224
76146
40872
42247
52916
53847
63661
50077
57451
71018
27016
46498
96440
53437
11568
91616
59966
50349
80296
21021
29348
91905
82669
28466
52196
51751
32777
27875
35605
84026
81053
92830
50172
11925
41429
93088
55772
11443
49518
19576
72461
82886
72426
58901
26323
73994
56870
76289
30696
43518
103662
66396
25424
76332
84863
67620
34435
107640
101847
76392
98018
72900
59222
54543
74825
107004
53983
36950
108447
93501
62878
70908
66387
25304
36162
99062
105651
83032
65351
26347
32902
75366
82743
48326
58050
73958
22298
98837
87950
30498
65229
75969
93398
30804
20512
74576
27808
80847
17878
26255
64349
87108
87163
20736
18764
29677
26151
14415
102709
97854
47114
25612
63220
36210
80290
11270
100168
108941
100107
94471
29439
71689
60440
29189
92493
87304
10117
26653
58151
34347
42908
28852
11455
36423
55941
36572
56101
72092
57339
65162
59946
94454
97126
29519
37016
83769
30789
27184
82710
37249
11655
18501
15290
78447
54042
97783
72103
70512
30788
36607
11211
63696
71811
29019
106471
17752
55591
68924
96196
102930
24087
46143
103736
27565
65662
30752
101334
102803
64289
90396
46404
82296
98897
51694
67096
59292
55829
29199
36156
76617
72158
37367
46665
50322
56386
43137
58074
101977
102061
44271
94908
32500
96766
104996
50066
68780
25749
41400
77935
80038
21797
14340
52334
27046
72386
109430
92690
18216
44982
18846
101185
23492
46214
37851
63814
108952
87340
28241
100930
95753
78864
102190
18254
65630
97186
74672
40762
29287
106072
108697
99325
34221
29389
41660
67620
91776
57442
50310
99992
92424
75509
107529
22269
28075
35380
76083
27027
12720
94324
34309
98474
63188
26499
23080
35170
30038
87752
65932
49325
100176
80982
38651
24398
100371
86663
98370
82147
50457
55032
88491
49234
20541
86021
61503
38616
27753
43938
71996
46826
28263
96305
51652
97803
29157
64732
39326
49195
58836
95258
88520
49012
82592
33523
79762
72964
26538
68132
61463
83348
13165
56307
22582
40058
32328
90437
85027
66433
24375
47023
103259
58990
33328
44911
63146
52485
15995
92472
108032
64831
94082
102905
20196
66675
26428
89958
29639
59319
64443
97454
32667
83960
43761
61601
30370
82441
42038
105397
38875
56413
42420
48486
21756
82101
83398
74902
40938
105745
57374
55323
76929
41456
48228
87125
98131
81008
83435
34122
46679
54230
21577
69346
28190
71690
20947
64913
44132
69337
60310
73007
15751
109083
11493
27507
97536
101243
92409
44826
96989
56135
90149
63918
87591
28377
57395
75723
15738
30830
16197
52417
91413
27774
28116
25955
89465
55415
80868
39949
14753
31179
102956
36856
46614
20801
70715
34150
28397
69476
68976
31738
15611
49126
102008
93202
83855
49403
75277
89593
86585
81475
32011
67998
15601
50127
100306
11418
95542
71174
41367
16647
92353
34323
43503
28967
61477
104218
69469
96226
63694
28446
17964
69305
83924
109972
68860
57779
65727
34137
53725
58664
21964
75736
33015
27566
32215
23321
28984
34109
84495
60352
40757
83201
101027
74260
18520
68856
84831
77990
55082
38525
12788
63046
14183
86712
79370
73043
34491
51449
13532
78216
16466
25497
60304
39481
43063
98871
69154
78399
22981
60001
28751
70090
33202
36131
50702
58075
94987
25533
26065
40070
70411
45205
109468
90946
21917
95191
53989
62760
52992
73873
47329
59458
89370
97633
105291
38785
102857
80797
23537
32190
30799
42288
92280
70353
84771
49334
18428
69759
81220
50845
16181
57983
86050
32001
38929
14319
17192
99270
67080
76537
63143
104409
42347
58866
108394
37639
104003
17603
24788
17540
39793
45587
66181
38425
105941
40952
94112
30721
17063
65332
71567
23244
13315
63969
45246
42244
68289
68790
31514
41721
35327
101009
36130
67675
49875
50876
11666
60231
58480
26454
67771
104625
62042
40304
49403
74335
71257
33515
95056
94672
88847
72975
107917
108514
26945
43163
40758
101586
101953
78624
33307
27281
69633
75789
101308
25861
33017
102974
76092
97849
19428
50215
92475
87822
96872
48230
52157
74481
71745
53566
59153
50592
16541
57070
65458
49838
106585
96216
41424
98539
81192
81083
32172
57177
46872
39832
73038
86242
32806
55482
74091
58586
12050
72918
36409
98922
11148
94918
79755
89245
38484
28908
46189
61378
75979
101647
101216
72564
104215
48993
77455
75407
20076
15979
22585
73301
45811
101975
65895
84969
63810
29986
33556
82212
109257
76317
87486
26757
61235
57241
106003
106072
76149
42192
57450
58480
33840
65018
37397
28055
104011
21204
109815
30440
27184
22400
10093
79347
30727
65988
54317
84537
85974
77873
73101
101583
44190
50587
18341
11777
97828
30696
24201
80330
62888
88003
28810
103080
43022
72559
21136
53385
83764
37303
90177
17300
66055
90270
86647
86782
46258
30964
77672
38585
98837
40773
30168
49379
81361
54861
67509
69189
75557
81710
39519
28446
76066
74682
37878
109088
37241
65366
68825
27357
92669
49003
34657
48724
45625
11305
25507
81884
32269
109531
10469
37459
40304
46989
93190
11665
91851
67051
87207
57408
38762
33078
92206
104828
97760
20085
20268
41354
75451
95445
58711
58121
50800
83369
96845
86426
101026
28704
74662
23295
28235
75131
67106
58540
12120
66649
76557
10323
23700
70116
57732
68814
93195
56290
63642
97307
66375
90262
45013
48179
92060
10077
96300
32860
83446
99497
25638
90824
34554
90300
20471
52789
55431
77578
17681
73904
50579
100591
74227
64279
60707
38311
23094
60254
84602
93088
63914
57329
89703
15279
95508
71763
15356
98160
10975
105154
104010
26614
85978
28564
106914
96450
71353
68698
80380
95387
48954
20959
85978
29533
75238
53037
57845
104684
19644
48799
87773
73558
96128
83828
78837
97989
45591
100546
86149
62918
95700
80159
79532
71679
98723
92799
58129
76429
51497
28509
61816
106803
55820
54146
26336
21058
97183
90533
32095
106827
29332
26220
86737
31813
100048
71927
19802
51991
62473
12303
104909
64525
82463
74442
26204
87538
73593
90685
70319
31442
25546
38487
28245
71366
82633
44581
98777
86169
25115
20872
99348
60799
37092
92438
82612
27140
54365
92414
69131
23190
11070
80392
77715
83533
61186
10272
77423
24779
90957
54095
46221
106504
82582
80818
84222
71568
31752
72999
64089
63219
83871
69789
14018
27315
52227
102983
44455
12944
101749
19938
26134
102819
106683
10202
92704
57869
10474
60128
72649
107783
104223
25222
20639
93157
12393
94862
54725
34145
74213
25166
87364
64437
84956
107734
81752
27183
100717
32560
46480
92467
58850
78966
85286
55533
79168
67991
103403
95994
34471
82404
93778
45046
13978
104417
44555
16371
89279
105633
56868
53493
20799
50584
24282
95755
48319
96034
29291
55388
18594
65771
54207
83797
51089
29494
29330
20258
103837
39085
22604
44660
11489
106382
96058
31820
100800
30613
38191
96431
26246
101412
56276
37046
41996
70558
39153
96667
72945
58444
42056
97891
30567
86263
71688
88009
22109
91019
14619
32298
36456
27223
66958
54298
23606
53016
76118
30758
89982
20661
33541
106228
12073
79818
49626
44070
56728
78780
30737
19673
43576
79145
107565
80496
55409
69253
58505
83870
66624
63124
106169
109433
80347
63127
53731
10305
22496
19849
31063
102478
30510
70957
15058
48936
40775
54685
99358
87503
23465
36447
13529
57041
105593
11094
27537
67354
86699
92394
41224
59676
45518
53745
59109
32218
23225
19192
32523
35721
29041
69939
44551
65903
30896
49609
21191
78023
94294
10549
71878
24111
36997
91759
71153
32590
92853
105042
106296
85905
103789
53872
51933
39307
97618
17394
77877
10843
26586
16753
52916
61979
76692
87467
17882
13940
43428
29074
98315
27723
45975
76545
41834
72972
58305
19339
11914
57510
30734
108210
33415
24523
68435
91700
70182
56053
99094
38060
56896
32032
44813
99812
84011
27857
93631
91894
48149
27059
27320
52816
61134
63295
19361
109321
42620
67666
35012
60886
15177
55746
75449
54944
86621
33884
36645
63156
79937
42091
91216
43185
64124
42381
49349
54487
76590
32980
36381
31091
66391
70053
73907
17526
39701
83268
16847
88673
57287
58211
39559
62464
20310
105008
23760
96931
45244
66757
50087
31533
98849
47655
64718
69325
96388
104067
13812
62978
43399
56546
84069
99791
32951
64328
23669
79004
37597
46868
57677
84884
95079
103589
53700
105389
14949
67460
108673
50194
24218
65112
71727
29419
19120
26446
105096
105508
36865
25260
74839
86617
71806
65260
76408
11110
19589
106429
80114
63538
43297
27792
54774
44728
21381
98474
40118
26330
72286
55143
82876
102856
10255
44604
38627
35727
77402
50075
31236
20619
65336
12427
97236
43494
67687
63644
44604
77276
60073
14719
47166
109722
48863
91940
44451
76596
96766
90921
109278
75405
36064
82155
68261
52671
33111
13241
78399
100513
53316
15987
11132
25004
18414
14721
58499
76101
68365
109455
59730
34791
30526
96896
50865
69389
78837
85316
52337
65603
82589
51616
31008
25005
40123
105622
67677
79586
25215
52428
86451
84883
58415
87583
99888
66829
108656
64739
49282
67022
64194
99012
108165
84721
85909
65382
60462
54746
57051
102800
26701
29640
60768
64062
44646
107243
76036
18675
76829
107603
61103
53280
82486
109518
47215
88726
82699
45872
43465
21981
19246
97660
10994
33763
72381
103255
89145
22843
64353
36196
31995
81054
72189
82763
51468
106835
96358
33856
15510
63187
31459
82965
106467
103946
82483
43683
82672
71534
95907
16138
83515
105153
20150
84509
28916
98883
77764
108061
28078
48469
50610
50074
19524
12799
39189
77344
109634
25548
101201
31496
78735
22660
104461
91555
32958
93296
41590
105631
54830
27497
28121
44697
22650
54623
35559
57918
43506
19675
72331
61584
58145
12941
18010
67669
15740
47200
51365
31726
79100
42566
69574
47835
55227
80387
45742
94537
63683
77332
90168
24865
94829
24641
59563
23831
69264
85122
71749
102770
11149
34081
70707
59294
37022
78717
33315
59115
15917
74681
97193
85017
107247
56768
39205
68826
27155
74947
53364
97191
58632
49884
12056
43461
80878
77971
73645
40142
69445
35394
49265
70595
75827
109972
19889
19202
78689
43205
68317
100959
107886
55510
92328
21485
18630
37885
96664
35786
19185
56380
22977
67817
96264
41385
17630
67142
25709
81275
13637
85154
23022
52902
62101
88849
69226
71991
98051
54267
21548
72720
45226
35786
34583
43907
47271
43213
71792
50287
85351
97329
96667
14680
55146
82932
46066
62777
56426
78127
50404
60063
53281
63426
19317
21735
58628
78543
100078
63031
22811
11626
42104
74389
37412
66687
108296
91035
16252
86441
47675
91604
73770
34342
96284
18917
107274
48702
88046
70053
16829
28450
20116
76463
98229
45786
88198
46857
14329
78276
99888
27140
96254
31992
91530
40018
105031
106178
37405
11284
82619
75080
109240
62742
99423
11876
71659
13049
66931
66057
73102
73760
100859
99571
56575
89088
35357
34773
25945
56038
19401
32186
89531
105655
70530
87413
35673
65562
83591
63079
83198
72563
28159
98790
25305
17582
100666
103316
36984
57597
59373
100086
37710
66584
106009
84285
45673
47718
25411
77970
93757
34812
16508
73288
30468
77039
50701
72493
48953
40644
41924
22151
19559
60084
27293
34864
84018
17959
44532
11002
81909
10257
17441
109619
66842
29802
100256
102515
67521
15667
86837
67630
56832
93346
30918
93652
60385
87971
56145
15690
34967
88070
27841
44527
54506
61486
85743
44876
69445
20276
45879
57706
36885
69672
73677
93727
89474
80286
102594
63347
85953
79432
20977
49137
79130
58247
32789
29515
52570
95287
35205
77538
89709
69398
28417
34215
20884
20512
69091
96681
47140
21322
60740
74026
97346
24417
74105
76821
11055
66700
30168
87009
52484
57498
42498
21614
105745
65288
57481
48316
66927
99038
32206
46636
74788
66975
87203
102024
77487
62646
105057
14628
73969
55797
78654
77667
86567
59111
44488
87622
15811
81009
80983
74647
28507
13482
102613
40604
85122
50094
78920
58401
55484
17478
95037
20272
74453
88592
12296
41941
41238
107354
62921
21559
53151
47927
89227
46070
97038
40067
23693
19202
27428
11028
83849
45935
14510
92815
92892
105984
32909
78164
54385
94746
85643
55774
105018
66448
34366
107315
14741
81957
21021
67662
109868
80524
21941
89095
16595
108980
35515
46640
18182
52943
47668
108383
105231
68531
91198
88123
80867
30460
72639
25253
15206
48282
71027
10224
104731
11746
23891
25824
83703
51264
83487
99923
21789
95428
95371
44736
10760
20886
81376
18942
80181
35396
33678
91764
10279
14876
86239
81147
35336
48879
12752
56894
87161
90131
57119
98244
91877
87362
14069
81932
28627
103908
71856
56768
105688
57227
91504
106449
84465
79232
31743
54646
20980
71773
36411
21260
76650
12650
108759
18338
51529
11511
65233
45043
107994
28704
49639
106224
22418
70060
78156
57397
63968
56364
104165
76009
19943
85669
72458
10760
54901
10553
71759
82234
72327
14522
109846
55329
33524
108605
80019
75054
26468
51604
26449
24462
86660
82440
20686
99079
42501
105195
46476
96469
67911
40642
78830
94207
32663
57640
94967
93917
58194
73078
66151
36873
77600
65997
82202
101125
64602
68573
82531
97422
10178
98980
28236
86838
71420
38923
75917
103921
50470
28746
106743
24733
75740
91925
108940
98403
39566
10260
82320
104112
73338
54823
30985
40939
10820
19539
48416
81774
78112
20947
69196
78290
109927
103785
71481
87699
49060
53750
97973
89530
72496
11068
20615
38236
92993
19556
42992
38911
36168
31664
33023
15858
76488
54008
63149
77308
79899
101565
65435
64364
12512
40983
32654
28791
34768
10487
22843
73828
54238
10816
69710
16734
28236
80326
61323
27581
106234
94315
56493
32402
15979
79516
38260
82467
39877
107762
66128
109776
99327
21563
64140
101840
68898
103147
20631
93667
103634
33474
57495
64224
50642
33558
70959
85230
103884
38634
102812
100118
22949
65657
38872
45280
35173
83484
34100
81402
81246
106580
97531
70574
34495
68023
78766
93393
77522
89397
77060
71157
29224
40908
25381
86218
64466
102692
61449
74702
31326
70613
81172
60627
26270
10044
12260
67795
83528
36360
55550
71127
32940
43081
48053
73787
101104
16819
57180
68627
12568
40593
46136
48144
87853
77869
24363
58671
86914
92164
23373
24592
69129
94545
75220
101751
10941
77480
75898
100821
20192
21448
61948
59484
54529
100001
23271
61986
23172
86803
36965
25741
17396
89453
63885
95249
73674
94600
60272
50588
76764
73645
65181
35893
74542
46753
43996
75483
30585
109895
82657
40777
21343
34605
90261
82225
40959
19884
50563
54131
96687
77528
86224
20436
73333
40110
22037
37007
24710
72310
77596
107827
52307
49129
50072
33202
102234
84069
15037
22819
83964
87694
69948
95307
28652
66561
67532
59611
76445
108095
20094
79484
91975
96319
89920
55308
26429
101958
98668
57491
80620
66264
55318
22927
21745
95391
46129
13979
85812
51167
43150
59776
28861
103098
45083
63865
59659
18968
13476
26104
33415
39923
11940
31743
26242
91861
93403
59023
83819
82071
22866
54439
54687
68185
83718
66432
69928
19848
86763
45740
77367
19913
11868
12580
29363
63303
66446
79022
72271
86274
11478
12039
16197
13419
33782
32439
11632
33537
97814
85451
105609
10681
46242
50296
85218
36312
23081
61498
62512
99844
13590
29879
26110
15458
48812
61825
85113
21610
30848
47385
97884
48678
65776
104082
68449
105910
42873
70081
29447
47040
61884
25056
64073
14478
65353
39291
40791
94786
107141
93303
100982
10731
29535
33444
32541
68347
85270
107654
79957
22470
61391
84193
61148
33519
78275
19598
29429
27501
79679
48877
80893
47916
80285
34966
52394
51990
64257
83185
36776
77750
66489
27759
94833
102376
51203
33726
60723
26473
47732
47032
38943
99124
21225
106444
22643
105853
32394
58425
39706
18425
13654
10599
56341
83939
35565
98736
25930
106174
71921
69058
73924
44762
103169
75109
37138
44373
98835
104213
77198
36567
41245
22494
42043
68823
35290
54687
81028
57684
19464
10734
66109
23118
27685
12451
97057
69602
101187
29339
65776
79460
88398
46052
14223
97919
11161
41361
32292
16348
35575
15843
42915
83172
44689
74959
58347
69979
35998
29375
34015
45462
46461
90124
74932
64146
108927
61989
23748
16466
97681
95876
85927
92431
48280
90150
80350
65793
37863
18995
72141
79790
41190
21409
69315
75879
86368
17662
52210
28718
53390
76225
64180
89851
72701
29112
43998
87981
97453
74098
94447
101486
76327
70374
83917
14607
66876
70620
70401
11092
79615
48894
80882
10805
60303
56549
93036
53023
64212
51598
71741
107602
34175
42273
103805
13228
77737
37803
91209
65191
18254
75657
56677
84581
52383
46947
105540
109260
107567
82293
10352
93534
37540
97586
10691
87843
44136
93727
30867
14700
35325
108960
28654
75852
41234
22459
79080
108971
66615
60290
80514
91221
42299
43544
82154
84682
80491
77694
83942
94410
66340
100646
77944
93880
104585
78635
88075
55073
78714
108942
59773
20391
24255
78427
86243
55489
107238
55323
54460
63853
21965
41327
61426
54264
74871
33580
28947
45362
101275
19241
29772
73967
26240
14068
57847
20825
82703
35922
65898
67769
51217
32023
78160
65472
16802
70755
27313
14040
16078
88125
84246
44396
19452
35672
88660
84323
59253
107607
36037
66880
33201
72161
30847
49441
76229
95046
60266
65284
37320
32516
23053
94889
54539
107565
66713
61341
68320
84026
65381
90751
78504
55979
25147
87956
81652
103807
78632
47257
17767
104669
20489
40968
66831
41336
80409
33060
42734
47027
104697
70054
69543
17750
54944
14082
31668
11657
65423
89988
102036
37156
87091
70540
83136
102238
48496
71140
12398
17128
108397
20165
28150
35238
51133
84981
82926
37894
24393
15660
74921
19090
92066
34464
43193
37010
54898
64861
55020
10321
61201
63408
53829
38293
23948
26965
30531
78796
104457
32929
102277
19206
59446
20427
44444
16931
11760
17370
44825
26153
23030
26098
35244
21449
66914
84789
64811
11812
39650
109831
28485
107203
63239
72315
35496
93539
105632
72380
62336
16442
11661
54613
25648
61108
81392
60093
84391
83152
83815
19217
99305
13198
51667
40901
24647
24934
15690
79458
26746
61692
95642
61584
58896
65233
40251
100744
48773
52235
63124
101109
58677
64786
62074
74326
32246
33466
40771
22989
106618
14586
48558
95923
34136
90226
43177
48783
105160
48867
34594
38258
16912
20236
89842
65808
75469
36445
56552
14242
78681
26029
21703
27358
97167
73777
108036
35765
13595
38807
48754
10213
59746
87313
12489
83882
67539
45666
39018
79051
100885
63612
107309
24149
90200
103504
79957
55669
29949
42862
76264
98630
58891
104319
32341
62410
84449
30377
88175
88044
75537
26929
104610
41635
104242
107099
31869
78133
59117
60887
47184
66354
30851
60846
80504
11051
54350
66813
73073
90651
99675
39337
95634
64918
33656
17975
17328
108105
54704
95503
102502
20241
28785
97112
51876
23027
94211
90098
107513
59680
40985
44697
32386
78189
11895
102890
79240
56245
76056
42313
36897
82083
88002
22531
37002
11659
46858
60682
26116
91562
62538
18618
101804
81323
105730
60032
10702
106293
56482
108215
72325
87468
59265
11064
55657
61160
20306
41249
107406
86362
89915
50655
58446
67917
79538
101800
69576
16396
52482
102045
14310
105020
27015
22466
76343
39098
88851
77046
51743
35333
75261
30421
12801
40878
31485
74810
92039
41791
22412
105797
18154
102327
46452
66600
60244
32342
58400
36173
55090
17234
44570
59400
12255
61585
71867
94950
90683
50718
61996
48779
76051
43610
69200
95205
74488
90685
76367
72879
22476
88779
68676
46982
97458
105128
19934
47703
43822
84686
90228
88912
91921
24798
38313
94176
92735
100180
95478
89771
40898
47475
28550
23301
97437
87750
108506
78277
84787
91226
41157
13615
70005
99833
50598
73816
11314
60532
11519
45136
35219
108099
24049
33492
39249
52362
34020
21984
58894
19498
101755
106144
73325
36657
19445
60762
14407
34304
45392
105546
15530
76549
109162
91887
82734
49760
55703
84048
16644
73574
35537
58215
71673
65938
81707
100922
24652
105727
29259
73546
15226
21014
86042
78551
64024
95487
45666
84783
36143
81058
80330
41673
63959
79492
39913
36693
35604
85616
27094
42248
49191
52631
106816
27216
108569
78523
34491
39573
90603
53750
103119
12181
81116
95513
97084
35140
81000
32750
109924
23496
20160
80254
71521
74119
66098
101434
17165
91702
77051
34259
40302
32594
93242
37118
49810
108163
21994
90653
37736
102597
34403
47207
104778
105520
32720
91862
47012
20072
30965
46936
33568
41125
33542
11442
21597
89640
102876
28762
87694
86279
69373
17997
25225
68967
61467
81388
67130
73461
62041
11218
82410
86445
48425
93540
98317
87497
75403
35329
97569
12720
72266
37490
60197
95808
38932
88146
91801
48160
23260
69495
24440
82633
93844
56017
41600
45312
27405
15082
25125
79447
16300
97536
72244
71077
81076
60561
48574
62831
85890
36144
81903
64508
79986
32101
66669
108918
26599
48470
47078
39860
107965
77870
28845
91810
23888
60446
27122
57645
81880
58599
27092
88181
62487
105688
65610
49916
56249
104185
102747
48492
46681
91003
19352
16667
29456
76021
31937
46055
14491
69015
75915
12457
53238
94761
94267
83478
61559
27741
31123
33439
92692
64568
27972
45180
60256
99935
85096
22858
94120
94195
77702
30801
75198
87054
53820
94654
53076
75757
47062
57567
34772
12977
76376
94362
14090
76995
67840
82001
11088
105316
21793
93781
59884
39765
28961
26492
29700
104057
55702
30172
104604
23404
67325
69803
100459
11145
70809
59887
76902
107871
107454
18027
27201
90183
18741
47643
57178
76582
19645
58267
88250
31438
42048
38134
77555
77361
70978
13608
87770
16681
33780
82374
46437
91106
58529
36896
108603
19339
103135
91858
33562
100590
99885
67115
97125
108626
104759
44303
91560
14404
108922
69810
35842
40970
14296
103397
24683
91627
107005
102453
98308
47138
74828
34745
44596
39709
77994
43199
49048
71129
25057
88963
78071
31294
46078
65196
46273
57189
15852
27833
61593
14774
103996
103787
62097
24644
13537
76780
106271
26894
69234
94579
64032
50414
35677
98628
80123
20023
48180
35524
97504
79589
14487
65576
100884
66917
37124
37157
14107
42976
71342
82052
64103
81690
75840
16200
96335
79377
82980
92606
96271
58566
93538
66656
98980
35567
71636
85456
45590
26168
10980
33094
95758
31819
105022
102994
105088
32147
46503
109195
81475
24197
97600
35578
95888
79792
58130
82223
49169
47463
81181
51792
96029
64719
24800
85010
90286
102789
60466
42228
18957
77798
65323
104715
99617
76697
14061
94705
15196
50564
10253
86672
64762
14205
28602
50650
83997
93085
39225
39518
30548
10406
97662
16577
81478
12463
107939
78116
105252
74757
10345
30561
42555
82020
25277
48524
48717
45690
49582
53914
86255
66187
46938
41017
70392
81892
98019
60741
64977
43596
90259
85525
44002
94273
108455
31832
96736
106394
99949
108340
87504
100294
28902
20059
72314
60531
74936
27383
96221
30870
71297
88828
87057
24587
36197
63801
96480
40568
30894
51457
74164
11153
43335
24519
95426
41790
46351
98515
54536
52652
13207
32040
42946
48461
58452
21612
15344
23388
38996
17918
60610
16645
96746
54019
31233
39296
107820
34065
69864
45066
75522
34029
46219
25209
48548
47997
73351
101251
52864
17888
43904
56072
39928
93202
10885
104732
104815
16230
34472
50163
24148
85082
73160
27246
29101
10745
56542
43273
34810
16407
78339
16685
40436
30910
31894
95336
85260
95246
102939
28124
19486
36843
90548
65766
36398
91434
60499
31213
14016
84971
87728
28164
76406
50888
45410
95507
51634
108305
45133
76444
14712
13472
99481
61500
50735
21376
63188
25995
22974
56127
60471
32460
99323
41020
88226
42073
38806
38725
63286
42822
30049
57366
77338
96455
14606
29100
98314
72592
27405
33447
55389
48469
53272
44870
16321
94007
56246
69509
26354
69220
31989
76825
108032
37664
24197
86259
69737
69355
14984
39375
18529
35033
103093
85867
37840
107699
21320
26155
70292
38725
49602
32033
93547
109226
66903
99868
93233
29502
75730
25939
105074
97719
109117
103107
41735
23314
79366
101472
99022
100702
47199
107551
42088
40292
99771
69928
37991
11091
102435
14635
56168
42038
36668
39715
41264
93572
45936
40850
29426
11666
73141
24500
15737
72258
17607
47472
101925
103325
38944
90947
94028
76143
104850
26116
106435
94621
102396
50778
95712
94832
55414
41881
43222
98434
87948
90838
98358
23884
38040
17784
41902
101182
32285
47639
79792
56244
85111
71717
49570
30407
69016
33598
12902
63867
66066
25689
64840
74814
66468
50553
59646
28234
98786
109220
16668
93086
90059
105027
23323
34451
29163
55225
25633
51448
92865
95426
97693
67976
73495
37263
88384
48864
77213
107638
102731
33279
23328
57571
14445
79796
14476
80444
98030
19614
79664
21050
19053
76075
32429
32376
100527
51593
93953
32512
109393
76818
34290
97086
51147
97786
40701
45883
36650
107914
43521
45733
47545
56849
109656
68343
26645
30485
38787
31027
56451
108451
58430
65504
90879
97211
104232
97758
38804
88186
20270
54550
55004
44561
41636
12503
48699
88690
48386
91701
102956
81908
43786
56854
45109
59794
15197
78107
80279
43984
15486
43083
58787
63916
14939
56018
51128
109172
43776
96284
87358
54047
40834
48714
104960
88823
67570
60011
83865
105956
58064
76821
94216
108202
40027
29326
57996
61576
13785
44628
11912
19271
77711
60700
89540
99002
23070
47020
98174
56847
33304
91884
17246
80491
46951
12206
75666
104521
78569
49531
16829
26633
32704
101046
24835
62732
36724
89183
14308
40509
23811
16221
66132
107874
83273
45672
96877
96343
82692
101403
59542
105997
83288
66788
92840
36591
68994
58506
31112
53915
14389
37941
70548
37093
45339
101735
106177
88415
80919
10486
35276
11082
33059
91409
108957
22684
27081
12186
109027
16126
103589
74922
28475
76877
31710
11315
103468
107057
76173
40932
50972
80562
85226
27873
24007
36917
19608
20185
15333
106879
37023
56961
24314
60082
38370
23271
72766
71804
41809
88145
77930
35398
53067
96405
18628
74778
14072
28448
88187
80245
59381
29159
67159
50959
63384
81166
77876
89345
91351
83209
86224
18374
30171
100538
68456
74893
30161
47574
53049
61970
42072
20979
103721
101491
23736
12349
82621
27808
30797
60808
14405
96530
79968
71564
37489
33352
42731
105366
12697
24082
94927
105274
48809
31450
12164
23617
12696
48678
61192
55745
17000
109616
66725
10721
101107
96813
29422
73729
30974
50220
24537
35379
53102
10857
13296
80592
50562
46027
75958
53259
76461
77237
64885
15270
98688
83402
45240
101384
22080
96432
47129
29080
12400
20206
46154
103507
23372
65576
67236
44346
22148
81774
86077
65251
82631
89373
52195
23193
25400
34505
82805
108214
101742
54042
29836
106782
27444
65076
14518
39524
67860
68000
74957
70260
78206
11111
63768
107930
83039
37356
42276
95188
109130
18354
66791
98114
97727
25338
27659
29480
49843
16816
44046
41585
60859
63882
54720
78303
35311
59238
24180
93171
17238
105489
69784
101797
106600
39904
99727
95991
67260
32004
97531
66391
56710
70674
70857
60789
86012
88516
80269
25855
11685
14315
73793
62544
84550
18513
47199
109861
84103
77731
93032
91342
73220
69168
99491
86172
99072
89218
88516
56333
27574
76047
29076
90636
36722
89933
41426
12734
84801
11695
44942
86486
32363
25087
55382
106913
33600
108934
106774
24055
93017
106158
21749
56238
65327
11240
48762
70751
90459
27278
17084
24385
109678
36160
105022
36400
32445
36448
55486
107247
54495
106780
100085
76858
21867
61820
90123
61819
77106
86897
75875
60123
99408
87624
22713
71087
88865
61476
31838
85676
95106
38923
16413
94784
81435
11435
37536
103881
54235
99375
17480
98731
96155
23917
81941
108023
75737
62065
76194
59195
38962
42069
109319
44722
36046
22032
105809
31263
89860
27648
106939
74967
72923
13352
76103
44358
31140
103640
38239
75375
109367
45719
64106
95522
59637
36048
109897
41726
104465
92444
90922
33427
24513
106593
84502
66911
18625
80311
88174
14838
14311
85113
96157
77234
104818
78612
11593
42310
88604
56184
107685
87971
108256
78144
89846
57893
20544
89743
105971
15009
88539
103245
54788
103053
99838
29290
59964
24816
15954
54491
29654
20265
29604
32163
87500
40774
100775
105445
73084
79380
51629
87122
57351
49885
55266
37197
14130
82162
33293
26454
87171
11832
19699
48311
21237
109538
67602
87554
40706
89908
32045
76712
100173
68001
98875
94025
15128
106002
89470
94564
75382
31100
71686
39086
87337
33304
82635
91468
105466
22280
107922
98989
40465
33973
37301
68054
49863
11255
45608
80569
91163
84005
47281
97688
58359
52508
81714
79839
64863
61184
64403
30245
98636
26090
75683
75974
65746
64671
73794
61213
76951
88068
66554
23768
28393
93855
81823
68257
11462
33783
55178
108977
24141
108812
96666
72500
51320
68380
42339
106183
35916
13094
42781
40905
29184
24816
106879
84931
79487
87025
52496
62791
81445
109050
76559
99838
109258
48382
58095
27072
72166
103274
26050
86307
102086
29068
65159
59758
103800
13850
72294
29716
16944
21427
76973
52481
36243
73852
43764
105731
67229
102612
58522
38674
101662
25081
28513
17272
79816
76608
34345
58334
86234
66747
50993
94672
85815
106152
44431
79615
26354
23077
15683
33298
34504
82657
92131
60747
62861
25895
72830
20091
34859
37704
65117
26522
69138
83630
50146
38954
66591
90843
103640
59177
47590
44633
43850
23405
57137
94633
109372
73491
107710
31408
13141
48566
20417
11625
15665
89630
43872
78496
16073
68732
106200
71191
101606
81690
61173
41752
26996
17764
22596
20636
83294
60186
55269
17144
89944
102406
18129
105668
82249
15839
43428
101743
54405
53845
103368
60070
49828
53592
44918
55901
12324
57471
17092
103930
29161
84618
35683
46158
108734
64631
56794
82028
14817
18416
89172
11113
27174
13653
23134
15776
19492
56562
23871
80249
16760
33591
46672
56588
77183
97942
102489
79508
45413
25934
73438
80927
16904
15473
33437
15638
70104
96583
87667
91274
21351
83191
108739
38526
86845
21873
60654
12689
68436
74525
99291
75196
98116
35963
38136
65299
40257
46977
34807
92023
62911
14598
62950
69815
20071
102739
91806
96528
89322
69473
94154
17026
59016
92893
45552
35861
104767
96206
54903
63203
60731
44194
44751
48847
86509
89239
20498
16766
26216
45306
98789
95480
66256
68091
71647
92679
77182
53453
79207
72857
29278
63361
79883
78295
46255
31787
20508
57374
17993
65411
26929
85076
99605
61680
40275
92466
57271
50773
99233
73487
102431
104374
75319
58687
78818
36967
41367
62352
96772
10574
25209
16051
80288
95092
100698
32895
16879
11206
80269
41224
66618
97198
32652
72575
65230
62927
55042
12501
103701
60627
92340
12484
71353
57660
61172
56523
100979
92539
108876
87751
109465
24085
10154
96105
25530
100852
19000
48761
102059
89269
96338
75029
76467
18990
53956
48049
71918
15350
50550
81971
65977
32891
84455
43683
96903
51979
90206
87882
50870
89082
65633
66688
19520
65788
52793
51402
72992
78146
90163
65051
73767
76501
46432
40235
101844
90389
94636
63762
95739
35187
52085
68069
74430
42892
101752
61333
84872
98310
39215
42094
93745
11200
98782
19617
83340
57928
61019
46333
26074
57534
17736
89841
40388
54169
36428
32232
50910
21065
102346
53001
62604
44431
11070
27034
93675
19174
94719
68547
107485
23934
16994
107582
41486
105776
17199
14827
53704
68218
67512
86130
32104
91600
65972
62492
35769
108752
101076
93031
19817
93422
36033
72421
44205
53455
105807
27881
62630
90526
102780
76467
20812
109774
74049
52299
105551
97600
73478
65607
55818
47342
41738
94274
28942
14062
46767
71064
12814
37843
54095
38984
21266
96480
17757
71823
39936
13565
89704
108918
10443
82485
75385
21256
98611
55786
79907
10514
43386
59737
66122
105556
97079
14212
89830
16021
18274
42949
93437
37440
70793
53885
66424
98411
40365
74182
76586
86653
94099
56291
85571
94542
45128
67308
105798
33739
29446
92057
34254
79184
41794
106728
91092
28873
10940
70923
51247
35566
20224
51036
63006
81017
94921
19431
85780
41639
99965
52367
18292
84064
15010
10216
68606
66490
83876
80757
90229
19675
79166
30835
88859
10961
43915
69952
46186
44855
47227
103785
86773
57451
44822
39780
44821
29743
65563
36953
77734
55528
95672
102379
29592
17034
102595
104550
73524
92823
91659
70106
102498
60826
90941
97710
61787
24857
74014
14325
76064
11241
108111
52838
75044
42933
82618
109865
79028
54533
53171
46763
100061
38843
55494
36005
45878
48089
46907
109402
47264
28567
85860
56115
95745
66802
60177
63884
98011
24191
68209
64075
41784
82672
23265
106828
15605
12235
23046
100986
56768
66217
54101
46829
11412
99595
89186
63642
54036
26094
79397
107652
61013
55257
53767
46758
12059
103944
100642
16422
18135
75203
70498
66271
47876
100115
63100
69833
102351
76146
60819
49119
48715
21272
102301
66479
10867
81487
20122
71255
13933
89519
68908
64946
34776
12675
101704
53188
22972
108698
59610
47459
90254
36460
103731
28130
26576
56831
87963
18927
39329
55135
74398
94396
66407
66699
50875
83627
38187
60997
44882
42120
56868
103790
97067
97997
22818
105123
41185
35790
20174
107147
73249
100428
49960
83332
34910
82888
46515
29225
91815
92196
74360
72565
76592
47120
29265
33820
20747
57452
84817
71981
105924
48038
82124
109343
36035
94942
20819
67220
37084
30993
80719
16685
37773
20679
90018
62683
93567
26533
81908
91734
108730
62621
54300
75322
99741
73565
15494
26840
37369
106664
105173
33293
44702
77297
48989
70737
78591
59808
44309
105675
80801
31380
12361
24926
42060
92379
77609
41979
25264
65869
23714
23994
18490
84366
105669
24583
64283
11163
57775
91652
107827
52949
31297
58881
36598
70286
19618
105190
20094
70279
100865
107247
91660
19578
22173
23720
101957
89782
72051
17222
62004
85765
47568
70494
76483
43237
101430
30766
60753
49205
28770
74932
108506
50068
23814
35105
26706
49784
30295
36801
10064
37512
50400
91724
47091
62574
21796
55400
58708
83847
78974
10712
75965
16543
87559
42448
66132
95341
79567
33237
50898
98337
98170
49405
54757
11984
74510
71464
51768
11157
14617
68184
38669
55017
49908
92112
23943
78056
37513
72652
68256
106487
89716
34221
13030
83627
83021
85515
85320
52588
108752
26219
57278
96922
65624
102035
15258
46486
63499
57027
47643
68116
15211
92664
29486
71472
74777
43429
39528
102290
22433
14136
98777
18502
38357
18160
108481
27731
93675
83802
86671
92427
100021
33949
79350
71997
25985
100960
108483
95836
47987
46126
70305
69551
28790
89791
47375
109919
23220
93255
102209
52006
97392
107339
60508
42101
15499
58989
59832
99174
32791
52856
97953
39164
76805
83655
101161
109142
74616
99644
11331
28955
52122
71636
88506
87265
51427
42233
87184
80999
25489
95746
39357
12881
93085
89865
44982
98584
55207
11167
104110
77998
54023
108415
23515
37180
82071
14676
52675
63039
20673
54006
81994
62795
15642
76853
56412
73421
109086
49949
60772
40927
35695
90130
43808
18780
86347
95143
23716
31554
96310
34178
15905
56685
32593
29420
83865
21016
50448
42892
90407
61121
86898
78754
30269
108892
45607
76681
88665
61045
16630
39438
91973
42325
35920
25781
67457
28619
27276
81173
50174
29938
21703
72431
76623
60649
108203
66841
88017
48651
99733
68425
99773
76632
37179
20042
91876
89138
86723
70542
40183
109706
16332
38508
42031
58604
70642
15841
77223
87918
87014
33749
107857
15070
12532
74480
65719
10735
47673
60088
49387
37407
34865
39160
20391
62044
65554
102267
57534
42277
79161
87718
58335
101845
16226
90367
50449
93220
96208
34025
71139
89574
57774
68996
10996
76659
49828
83067
77394
103854
33156
16781
31261
58021
62293
58004
26418
17847
66623
73952
66477
35785
68022
14812
27630
90601
95179
84432
73821
97739
108457
34960
93666
72583
10308
94662
39242
66489
67730
106637
60343
90886
29770
97956
55259
82064
62312
71677
89911
18935
35630
46388
61072
10004
51201
95055
90605
52732
69487
54427
56824
67944
95739
40490
46879
96048
25152
92474
68889
82882
89111
35584
80120
25233
23540
25380
97297
75852
103409
93561
101139
45391
29949
52212
45396
87502
37267
26001
30235
96754
86780
93411
71050
72520
23901
24281
74920
39053
106755
33809
28288
102218
59393
14760
17452
89285
46492
104749
71489
56254
104662
62628
91645
24612
104840
27041
18466
32107
59395
55053
35213
36175
38464
12615
15047
52365
26897
96319
97771
23652
20128
32411
15871
85873
37171
23323
81510
90016
34424
42999
36270
29087
11980
17915
60051
106820
51309
68517
45280
17056
29923
86845
59583
58387
89461
64631
100753
106358
50950
104876
20010
77431
27287
42233
69656
70810
71908
57519
50826
96333
106870
93448
31772
108850
17716
81823
22023
59025
56692
73655
66081
76615
50500
15664
41355
46313
86647
48460
59023
43950
43336
85386
27733
76975
17619
87389
37785
79528
34908
94964
82213
48131
94764
103985
46981
102480
92160
59004
51505
55204
39011
23938
21820
79512
45955
69527
32177
22602
107987
81201
56552
41323
56587
74285
108298
64206
68027
52435
50086
109287
53751
22299
47418
38516
32636
100752
30996
14796
66108
88854
60001
95120
102792
88173
80984
55099
47700
103161
67702
62039
74362
30606
93362
20949
11244
108012
91508
85623
50447
31594
101262
94199
43894
55033
39067
66530
45785
60063
87679
101893
55269
54032
87013
64414
48557
57997
109513
102609
67511
83567
54648
31873
104174
38010
59175
21770
52374
40683
13745
92821
78629
105007
93372
28875
50040
22439
85406
102177
88855
79437
94071
34124
23469
87436
88538
78378
51786
104404
70987
109297
77971
15635
47522
88497
59997
96697
100267
102371
43732
20364
101544
12362
31724
101269
47589
71764
13708
22995
63942
108915
108784
64365
49392
38605
41801
44282
106983
83587
38686
67970
99236
106658
89957
36759
85155
39954
39808
91775
48677
89893
102139
40222
92255
40215
31491
46196
101980
51551
59192
72274
66819
74328
26639
106211
102934
74792
56845
99917
48380
85532
74240
53968
82190
54197
80727
73697
100504
10536
55472
55533
90429
63964
102107
89036
94179
23598
25232
102511
81502
90776
81137
54673
55105
97776
67236
64391
78921
14081
54308
33653
89613
18548
77621
78155
62746
48349
58205
69602
65237
20029
15135
62018
73993
107243
57406
74525
37193
88990
83388
25047
69767
54526
69720
31224
58654
26956
85615
43927
47390
46275
67580
43355
54824
35202
11511
23922
73551
59716
99876
45140
69745
105011
97158
50091
18606
60916
30968
45800
39906
20708
77199
16025
81586
36920
37249
46593
70228
29216
80520
23970
81844
38101
57326
26668
63303
75189
56942
43206
41257
63170
94698
17354
58181
98208
57445
83140
49124
94765
18940
79030
21826
86139
85056
93412
29411
28657
30005
105992
64226
16878
19962
36070
44979
83640
69090
14634
48829
16032
47840
80086
69202
32538
87441
33735
37098
51238
106875
76222
52356
32167
45252
64182
24659
36660
63946
44070
71670
83952
56414
25896
90830
82729
51966
42161
56369
11056
46795
95199
33440
100987
81637
108994
39877
59078
32729
66975
16669
45957
33197
59025
68124
84801
13207
82783
11462
83505
33206
73132
73809
95972
105380
70991
68701
47346
103152
15071
64754
39947
16622
88194
30934
88259
87188
60811
37338
26269
34138
60359
62226
57335
109384
36703
32137
28943
109486
49951
102448
49044
29435
66258
35017
24815
27249
93718
62161
36754
15141
16915
83053
21763
11461
103988
100023
88649
71151
43713
104918
95290
94072
73497
58977
109808
100200
81114
28751
16038
37417
37551
55083
56852
10161
96452
71667
27411
80170
40180
70517
101664
63447
43570
13427
64908
53910
19802
59909
15062
69867
71180
16704
53939
34677
82033
70099
41229
69500
88850
47267
96917
32754
108702
60122
32915
95154
38141
66678
81677
68322
27195
73341
38121
60766
93120
109382
104676
102923
75643
26090
62790
36823
49146
23082
77852
21180
83181
109081
80680
78384
62701
67597
101138
61403
34071
24053
62910
62213
80732
34587
36887
97927
97928
81360
48693
81048
80742
59722
90323
46386
75812
43114
89561
14959
72548
57414
26139
45729
72847
13171
14113
25548
87120
105251
93304
11192
35657
46214
63405
106389
70801
90292
10668
75081
61652
65714
62481
48747
15436
42805
101485
97600
92271
81046
102559
54819
28460
35050
90548
107660
38221
11014
23208
15342
22617
106512
32886
48274
59078
86291
61015
19879
82935
78036
101312
50939
33750
53794
106038
55538
86599
97523
43138
85222
68570
52050
30041
103382
93452
26941
101042
38026
44307
14251
59720
56925
27115
82606
95199
76194
58897
62567
102425
48184
30603
93738
105475
54353
37532
101514
16243
30483
89037
65733
105705
47607
24135
42098
40990
107588
75391
32032
35614
109699
52635
101686
56624
86103
74292
58175
52297
39541
10742
61074
77725
47697
44812
73200
108402
72344
64714
14645
109179
60104
86731
21236
97711
100866
53334
45053
98454
18726
83438
40420
34777
42425
32106
81401
18528
12750
45928
77177
42291
63023
28252
26368
100720
63064
89569
99123
41761
60635
20120
40940
27091
96851
52177
31155
87718
11863
66208
92524
36941
55998
39297
61718
88424
77755
49471
96952
80506
85400
64130
29149
38423
82382
45518
45495
51798
41439
50970
83559
108426
61091
30852
25518
64294
89381
46673
58364
91244
19233
40889
18186
65232
86538
86256
60008
54293
25728
63312
41151
17480
17442
60301
62255
106176
95819
97750
64327
43610
38721
37886
42036
106164
58738
57554
76810
38119
10579
25175
35716
36165
72416
60254
91397
48954
36510
57757
109599
68590
11069
40751
76070
34864
91052
28325
47392
93223
32428
101719
26833
77501
29606
75221
90017
94696
39128
56827
39168
39707
88354
64884
65872
50770
31490
63621
106076
58000
11378
22028
16591
28800
52779
99013
53664
50183
33691
107408
49758
56119
99128
82943
23620
35086
48164
19989
19782
77292
66816
65302
107000
45171
36538
79224
102293
58028
49198
14722
106029
50576
26750
28972
85728
85881
34337
45744
26064
58028
43153
82174
20499
32281
55117
50471
57367
93281
60460
83501
60574
17277
55156
73926
68800
81694
59502
77445
29723
98700
98519
25752
55629
15269
61076
31357
107502
85413
67102
23566
49794
100255
12092
60293
38888
57209
100765
102607
40491
67577
92460
107417
74854
37616
71343
50006
109311
20845
33804
29034
25898
22323
61138
71527
27593
28566
92884
41447
20331
66338
55014
60125
72945
73458
26771
101833
20668
33888
10792
51159
91465
93253
48576
72672
37221
26271
29030
36532
53468
52834
71918
69366
65158
39408
30893
99103
57974
30130
30550
68306
86468
91916
34783
49414
55375
51554
57599
66043
75442
58392
23554
73260
57997
78482
35932
85218
11105
54962
28103
54573
97797
90021
30292
69307
19430
